4941
4940
4939
4938
4937
4936
4935
4934
4933
4932
4929
4928
4927
4926
4924
4923
4922
4921
4920
4918
4917
4915
4914
4913
4911
4910
4909
4908
4907
4906
4905
4904
4903
4902
4901
4900
4899
4898
4897
4896
4895
4894
4893
4892
4891
4890
4889
4888
4887
4886
4885
4884
4883
4882
4881
4880
4879
4878
4877
4876
4875
4874
4873
4871
4870
4869
4868
4867
4865
4864
4863
4862
4861
4860
4859
4858
4857
4856
4855
4854
4853
4852
4851
4850
4849
4848
4846
4844
4843
4842
4841
4840
4839
4838
4837
4836
4835
4834
4833
4831
4830
4829
4827
4826
4825
4824
4823
4822
4821
4820
4819
4818
4817
4816
4815
4813
4812
4811
4810
4809
4808
4806
4805
4804
4803
4802
4801
4799
4798
4797
4796
4795
4794
4793
4791
4790
4789
4788
4787
4786
4785
4784
4783
4782
4781
4780
4779
4778
4777
4776
4775
4774
4772
4771
4770
4769
4768
4767
4766
4765
4764
4762
4761
4760
4759
4758
4757
4756
4755
4754
4753
4752
4751
4750
4749
4748
4747
4746
4745
4744
4743
4741
4740
4739
4738
4736
4735
4734
4733
4732
4731
4729
4728
4727
4726
4725
4724
4722
4721
4720
4719
4718
4717
4716
4714
4713
4712
4711
4710
4709
4708
4707
4706
4705
4704
4703
4702
4701
4700
4699
4698
4697
4696
4695
4694
4693
4692
4691
4690
4689
4688
4687
4685
4684
4681
4680
4679
4678
4677
4676
4675
4674
4672
4671
4670
4669
4668
4667
4666
4665
4664
4663
4662
4661
4660
4658
4657
4656
4655
4654
4653
4652
4651
4650
4649
4648
4646
4645
4643
4642
4640
4639
4638
4637
4636
4635
4634
4633
4632
4631
4630
4629
4628
4627
4626
4625
4624
4623
4622
4621
4620
4619
4618
4617
4616
4615
4614
4613
4612
4609
4608
4607
4606
4605
4604
4603
4602
4600
4599
4598
4597
4596
4595
4594
4593
4591
4587
4585
4584
4583
4582
4581
4580
4579
4578
4576
4575
4574
4573
4572
4571
4570
4569
4568
4567
4566
4565
4564
4563
4562
4561
4560
4559
4558
4557
4556
4555
4554
4553
4552
4551
4550
4549
4548
4547
4546
4545
4544
4543
4542
4541
4540
4539
4538
4537
4536
4535
4534
4533
4532
4531
4530
4529
4527
4526
4525
4524
4523
4522
4521
4520
4519
4518
4517
4516
4514
4513
4512
4511
4510
4509
4508
4507
4506
4505
4504
4503
4501
4500
4499
4496
4495
4494
4493
4489
4487
4485
4484
4480
4478
4477
4476
4475
4474
4473
4471
4470
4469
4468
4467
4466
4464
4462
4461
4460
4457
4455
4454
4453
4452
4451
4450
4449
4448
4447
4446
4445
4444
4443
4442
4441
4440
4439
4438
4437
4436
4435
4434
4433
4432
4431
4430
4429
4428
4427
4426
4425
4424
4423
4421
4420
4419
4418
4417
4416
4415
4414
4413
4412
4411
4410
4409
4408
4406
4404
4403
4402
4401
4400
4399
4398
4397
4396
4395
4394
4393
4392
4391
4390
4389
4388
4385
4384
4383
4382
4381
4379
4378
4377
4375
4374
4373
4372
4371
4370
4369
4368
4366
4365
4364
4363
4362
4361
4360
4359
4358
4357
4356
4355
4353
4352
4351
4350
4349
4348
4347
4346
4345
4343
4342
4341
4340
4338
4337
4336
4335
4334
4333
4332
4331
4330
4329
4327
4326
4325
4324
4323
4322
4321
4320
4319
4318
4317
4316
4315
4312
4311
4309
4308
4307
4306
4304
4303
4302
4301
4299
4298
4296
4295
4292
4291
4290
4289
4288
4287
4286
4285
4284
4283
4282
4281
4280
4279
4278
4277
4276
4275
4274
4273
4272
4271
4270
4269
4268
4267
4266
4265
4264
4263
4262
4261
4260
4259
4258
4253
4250
4249
4247
4244
4243
4242
4241
4239
4238
4236
4235
4234
4233
4232
4231
4230
4229
4228
4227
4226
4224
4223
4222
4221
4220
4219
4218
4217
4216
4215
4213
4212
4211
4210
4209
4208
4207
4206
4205
4204
4203
4201
4200
4199
4198
4197
4196
4195
4193
4192
4191
4190
4189
4188
4185
4184
4183
4182
4181
4180
4179
4178
4177
4176
4175
4174
4169
4168
4167
4166
4165
4160
4159
4158
4157
4156
4155
4149
4147
4146
4145
4144
4143
4140
4139
4138
4137
4136
4135
4134
4133
4132
4131
4130
4129
4128
4127
4126
4125
4124
4123
4122
4121
4120
4119
4118
4117
4116
4115
4114
4113
4111
4110
4109
4108
4102
4101
4100
4099
4098
4097
4096
4095
4094
4093
4092
4091
4090
4089
4088
4086
4085
4084
4083
4080
4079
4078
4077
4076
4075
4074
4073
4072
4071
4070
4069
4068
4067
4066
4064
4063
4062
4061
4060
4059
4058
4057
4056
4055
4054
4053
4052
4051
4050
4048
4046
4045
4044
4042
4041
4040
4039
4038
4037
4035
4034
4029
4028
4027
4024
4023
4021
4015
4014
4013
4011
4010
4009
4008
4007
4006
4005
4004
4003
4002
4001
4000
3998
3997
3995
3993
3992
3991
3990
3989
3988
3986
3985
3984
3983
3982
3981
3980
3979
3978
3977
3976
3975
3974
3973
3972
3971
3970
3969
3968
3966
3964
3963
3962
3961
3959
3958
3957
3956
3955
3954
3952
3950
3948
3947
3945
3944
3943
3942
3941
3940
3939
3938
3937
3936
3934
3933
3932
3931
3930
3929
3928
3927
3926
3925
3924
3923
3922
3921
3920
3919