3918
3917
3914
3913
3912
3911
3910
3908
3907
3906
3905
3904
3903
3901
3900
3899
3898
3897
3896
3895
3894
3892
3890
3888
3887
3885
3884
3883
3881
3879
3875
3874
3873
3872
3871
3870
3869
3868
3867
3866
3865
3864
3863
3862
3861
3860
3859
3858
3857
3856
3855
3854
3853
3852
3851
3850
3849
3848
3847
3846
3845
3844
3843
3842
3841
3840
3839
3838
3837
3836
3835
3834
3833
3832
3831
3830
3829
3828
3827
3826
3825
3824
3823
3822
3821
3820
3819
3818
3817
3816
3815
3814
3813
3812
3811
3810
3809
3807
3805
3804
3803
3802
3801
3800
3799
3798
3797
3795
3794
3793
3792
3791
3790
3788
3786
3785
3784
3783
3782
3781
3780
3779
3778
3776
3775
3774
3773
3772
3771
3770
3769
3768
3767
3766
3764
3763
3762
3761
3760
3759
3758
3757
3755
3754
3753
3752
3751
3750
3749
3748
3747
3746
3745
3743
3742
3741
3740
3739
3738
3737
3735
3734
3733
3732
3731
3730
3729
3727
3726
3725
3724
3723
3722
3721
3720
3719
3717
3716
3715
3714
3713
3712
3711
3710
3709
3708
3707
3706
3705
3704
3703
3702
3701
3700
3699
3698
3697
3696
3695
3694
3693
3692
3691
3689
3687
3686
3685
3684
3683
3682
3681
3680
3679
3678
3677
3675
3674
3673
3672
3671
3670
3669
3668
3667
3665
3663
3661
3659
3658
3657
3656
3655
3652
3649
3648
3647
3646
3645
3643
3642
3641
3640
3639
3637
3636
3635
3634
3633
3632
3630
3623
3622
3620
3617
3615
3613
3612
3606
3597
3595
3590
3589
3588
3587
3585
3584
3583
3582
3581
3580
3579
3578
3577
3576
3575
3574
3573
3572
3570
3569
3568
3566
3565
3564
3563
3562
3561
3560
3559
3558
3557
3556
3555
3554
3553
3552
3550
3548
3547
3546
3545
3544
3543
3542
3541
3540
3539
3538
3536
3535
3534
3533
3532
3529
3528
3526
3525
3522
3521
3520
3519
3518
3517
3515
3514
3512
3511
3510
3509
3508
3507
3506
3505
3504
3499
3496
3495
3494
3491
3490
3489
3488
3485
3484
3483
3482
3474
3472
3471
3470
3467
3464
3463
3462
3461
3459
3458
3456
3454
3453
3452
3451
3448
3447
3446
3445
3444
3443
3442
3441
3440
3439
3438
3437
3436
3435
3434
3433
3430
3429
3428
3427
3425
3424
3423
3422
3420
3419
3418
3417
3416
3415
3414
3413
3412
3411
3410
3409
3408
3407
3406
3404
3403
3402
3401
3396
3395
3394
3393
3391
3390
3389
3388
3387
3385
3384
3383
3382
3380
3379
3377
3372
3370
3368
3367
3366
3365
3364
3363
3362
3361
3358
3356
3347
3346
3345
3344
3343
3341
3340
3338
3337
3334
3333
3332
3331
3329
3327
3326
3325
3324
3323
3322
3317
3316
3315
3314
3313
3311
3309
3308
3305
3303
3302
3301
3300
3299
3298
3297
3296
3295
3294
3293
3292
3291
3290
3289
3288
3286
3285
3284
3283
3282
3281
3280
3278
3277
3276
3275
3274
3273
3271
3270
3269
3268
3267
3266
3265
3264
3263
3262
3261
3260
3259
3258
3255
3254
3251
3249
3248
3247
3246
3245
3244
3243
3242
3241
3240
3239
3238
3237
3236
3235
3234
3233
3232
3231
3230
3229
3228
3227
3223
3222
3221
3220
3219
3218
3217
3216
3215
3214
3213
3212
3211
3210
3209
3206
3205
3204
3199
3197
3196
3195
3194
3193
3192
3191
3190
3189
3188
3187
3185
3184
3183
3182
3181
3180
3179
3178
3176
3175
3174
3172
3171
3170
3169
3168
3167
3166
3165
3164
3163
3162
3161
3160
3159
3157
3156
3155
3154
3153
3152
3151
3150
3149
3148
3147
3146
3145
3144
3143
3142
3141
3140
3139
3137
3136
3135
3134
3133
3132
3131
3130
3129
3128
3127
3126
3125
3124
3123
3122
3121
3120
3119
3118
3117
3116
3115
3114
3113
3111
3110
3109
3108
3107
3104
3103
3102
3101
3100
3099
3098
3097
3096
3095
3093
3092
3091
3090
3089
3088
3087
3086
3085
3084
3083
3081
3079
3078
3077
3074