374
1435
1658
1671
2242
2336
2381
2731
2783
3111
3623
3843
3853
3907
3989
4097
4127
4129
4233
4309
4457
4562
4627
4643
4718
4791
4805
4820
4848
5070
5096
5180
7220
7245
8335
8364
8518
8536
8563
8566
8586
8596
8617
8618
8741
8745
8842
8864
8886
8901
8920
9023
9024
9043
9056
9091
9139
9158
9196
9240
9308
9311
9320
9330
9390
9419
9454
9504
9566
9583
9763
9884
9917
9986
9998
10013
10046
10054
10060
10136
10177
10220
10340
10428
10429
10480
10519
10591
10603
10718
10735
10772
10824
10845
10870
10875
10896
10936
10960
10962
10985
11026
11054
11066
11178
12453
12486
12492
12508
12527
12537
12538
12556
12602
12612
12871
12887
12971
12977
12979
12994
13040
13068
13076
13082
13107
13109
13113
13121
13125
13134
13137
13146
13161
13243
13246
13247
13268
13291
13313
13317
13321
13342
13344
13353
13368
13371
13378
13391
13424
13428
13434
13458
13459
13504
13506
13525
13530
13583
13606
13607
13611
13612
13616
13623
13631
13652
13683
13707
13745
13762
13765
13766
13767
13769
13772
13773
13774
13775
13784
13786
13814
13838
13840
13902
13919
13999
14180
14186
14425
14427
14439
14462
14469
14476
14513
14592
14594
14616
14707
14733
14773
14802
14804
14814
14836
14843
14845
14846
14900
14907
14920
14926
14937
14938
14939
14943
14958
14966
14971
14975
14981
15011
15017
15036
15040
668
718
1459
1477
449
131
2848
1614
1597
1307
1454
2852
1211
2593
1306
2614
2472
1071
14908
1448
3482
4858
2571
2259
2416
4462
2790
4719
650
8526
4570
710
3898
745
3231
8860
1120
9487
31
10518
1517
2362
2470
4219
4922
5019
1381
4518
2642
2920
4836
8310
8427
661
2483
1349
1773
3412
5123
5138
8950
9835
10343
13827
1364
1869
4522
7283
8868
1202
450
1539
3032
1109
1267
2547
4556
8293
8645
8954
9247
863
1034
2592
4096
1710
878
288
1738
2107
2399
4506
4702
7213
7215
8924
11181
680
5124
2308
2479
963
1831
4640
5078
7290
8632
9070
9282
9296
9297
9613
9614
9707
10521
11020
13630
14187
14433
242
416
1971
18
3391
2500
3157
4652
8542
9113
9301
9515
9640
10298
10346
10444
13864
13956
889
787
1919
4983
135
776
1806
2023
2898
3362
4010
4722
4911
5157
8651
8863
9002
9422
9885
10132
10369
10463
10899
10900
10923
11073
12927
13444
13760
13813
2810
1351
2005
1930
2314
5120
9013
3221
4014
7211
1781
3488
3906
3908
3998
4766
8811
8960
9291
9471
9606
9802
9991
10049
10056
10061
10075
10146
10291
10645
12348
13136
13245
13564
13787
223
1042
774
1140
2501
3566
3879
4461
7267
4390
3900
1103
1298
1913
2213
2708
3150
4924
7218
8484
9169
9713
9739
9826
10543
10828
10871
11223
12937
13120
13566
14069
14640
14820
14984
57
1063
1834
556
1815
2160
2334
3697
4093
4223
4927
11193
156
159
2666
3966
4139
4574
4729
4907
5117
8471
8572
8923
9270
9295
9310
9391
9502
9837
9963
9964
10050
10101
10107
10162
10163
10508
10749
10813
10829
10869
11101
12546
12784
13071
13316
13354
13890
14970
1064
204
2321
5010
11261
706
59
9195
4123
4285
5114
1861
1011
496
1792
3986
5155
8522
8565
8940
9096
9916
10064
10212
10245
10461
10972
11019
11229
12678
12934
13036
13242
13356
13412
13756
13788
14004
14090
14994
4899
2183
1770
10526
8587
4895
8480
2588
603
1093
1403
2092
2265
2804
3496
4165
4581
4823
5103
5156
8371
8432
8774
8785
8812
9016
9077
9229
9252
9589
10140
10558
10745
10764
11126
11227
12345
12509
13351
13370
13454
13820
14033
1182
4289
1676
3054
4083
4726
2968
3153
3364
3849
3862
4046
4548
4695
1100
1344
2252
2450
278
493
1200
3899
4467
4529
8776
9470
10600
10602
10778
13445
157
1104
4982
160
539
4000
4516
8425
9587
224
2528
3022
4024
4090
4094
8641
8676
103
4527
1184
1437
126
779
1629
1769
2354
4048
4261
4284
4408
4994
8300
8361
8461
8735
8933
9259
9272
9431
9808
10041
10283
10528
10763
10922
10929
10934
11025
11144
11171
11330
12557
12565
13050
13260
13262
13723
13832
13850
14048
14086
14619
14673
14825
14868
15020
984
918
2635
40
816
2948
3445
4077
7201
824
1489
1591
3663
4712
5043
5085
7183
995
270
3414
1412
1788
3077
3732
3983
4342
4687
5064
8534
9269
9273
9369
9469
9510
9836
10011
10372
10657
10701
10860
10957
11216
11284
12540
12547
13734
14311
1514
5166
161
1336
4095
1162
1690
1850
1902
4190
4830
8639
9620
14798
63
2938
3267
4124
4351
8585
1835
845
4125
4409
4474
830
1159
1408
2220
2551
2638
2670
3446
3850
3990
4070
4334
4910
5146
7248
8550
8614
9117
9133
9299
9480
9481
9531
9605
9810
9828
9829
10053
10121
10214
10530
10747
10984
11199
11331
12352
12372
12465
12499
12629
12654
12738
12818
12856
12931
13433
13521
13561
13727
13776
13807
13828
13998
14494
14520
14611
14655
14678
14912
14923
14932
14942
171
468
1417
2904
1227
1662
3424
4896
505
2003
2225
5057
12870
2071
3461
4630
4736
7242
12652
1347
4774
1407
827
912
1278
3534
4480
5140
8517
8733
9050
9438
9653
41
693
1644
165
768
1187
4147
2646
1580
1791
3557
3815
4767
7284
7291
8342
8714
8892
9173
9256
9696
9738
10105
10110
10206
10516
10520
12579
12974
13411
13896
14484
931
1007
2419
330
604
214
2586
3363
4230
4853
9656
842
1172
1880
2854
1674
3031
3263
3739
4531
4755
7202
8381
8516
9453
10567
10617
10740
10843
11001
12698
1242
25
714
3034
16
3840
4069
4747
5021
8701
12647
721
1290
1870
945
3578
4200
17
142
717
3981
4484
4939
2139
2462
4009
263
2215
2992
850
2624
2678
499
2622
548
904
506
104
571
1212
2006
2504
2673
3152
3260
3489
3645
3920
4008
4074
4349
4373
4383
4524
4678
4708
4727
4783
4867
7193
8553
8583
8764
8930
9150
9189
9243
9255
9277
9333
9334
9359
9455
9476
9523
9524
9626
9643
9646
9647
9734
9809
9811
9867
9868
9952
10000
10182
10213
10311
10331
10417
10562
10636
10654
10670
10808
10872
10901
11251
11256
11280
11308
12353
12367
12434
12507
12714
12736
12739
12750
12855
13252
13257
13387
13483
13615
13846
14396
14824
15003
15038
37
61
634
1372
765
74
4837
247
13063
2171
3872
4185
10497
1029
1877
2241
583
723
773
1616
3495
3910
4744
1563
333
146
106
42
402
2957
4530
4575
8455
8817
9316
11052
12409
12600
205
1295
1451
1052
1547
2577
4559
98
1892
2615
3606
3975
4331
4448
8311
8739
8777
9122
9361
9400
9411
9705
9757
10172
10274
10416
10503
10587
10687
10803
12417
12457
12576
638
22
1982
2377
1088
501
3430
3921
12368
2184
2664
1083
4189
530
666
761
1959
2565
2919
3583
4374
4503
4849
4908
5144
7246
7282
8296
8374
8451
8510
8752
8779
8885
9110
9292
9377
9380
9436
9499
9517
9752
9782
10069
10087
10120
10317
10361
10610
10611
10633
10671
11069
12503
12669
12872
13244
13498
13624
13837
13841
13842
13891
14663
14782
15009
1606
2099
2585
20
303
1954
3039
9441
627
2661
2933
5165
3109
420
1592
2855
3562
4327
8755
12620
1370
2424
3490
4525
320
2456
514
219
1559
2380
3459
3855
6183
7214
8567
8866
9353
9358
9624
9708
9736
9818
9938
9993
10149
10426
10456
10979
11014
11219
11274
12518
12549
12953
13269
13735
13748
13824
14047
14407
14641
14647
1548
1318
1853
190
69
2473
510
1288
4071
4115
4188
4279
50
56
3102
497
547
1279
1419
2292
3759
4167
4883
8454
8650
9405
9506
9529
9549
9568
9814
10320
10332
10357
10434
10709
10834
12666
12673
12814
13491
14801
1334
783
3191
1480
3518
8318
8547
9788
10439
12529
575
1486
695
1217
3936
4651
648
1442
1501
2363
4646
10261
280
405
2368
2956
7207
755
368
727
2027
1246
80
777
1561
2425
1333
84
117
154
1085
587
15
43
290
866
1218
1219
1838
1934
1981
2119
2634
2701
2734
3046
3137
3144
3149
3199
3235
3254
3456
3642
3691
4117
4128
4177
4247
4343
4350
4379
4473
4552
4554
4615
4679
4689
4735
4768
4909
5161
7219
7243
7270
7275
8582
8625
8646
8692
8696
8711
8753
8794
8814
8816
8855
9098
9103
9114
9171
9182
9262
9298
9347
9375
9508
9511
9539
9581
9584
9637
9650
9694
9697
9712
9832
9957
10070
10208
10334
10368
10418
10427
10446
10457
10469
10470
10476
10492
10535
10616
10640
10721
10741
10784
10790
10826
11003
11125
11175
11247
11248
11283
11307
11316
12373
12374
12427
12466
12578
12601
12689
12778
12880
12893
13203
13249
13255
13330
13572
13685
13691
13724
13731
13742
13747
13778
13780
13796
13834
13835
13854
14068
14555
14556
14562
14568
14642
14683
14859
14911
14987
15006
15014
15016
15031
15035
15037
15039
110
251
742
673
883
1440
1504
907
1688
826
1640
14955
756
1542
1782
1983
2361
4469
365
361
632
2689
202
569
1727
8363
1643
2013
2432
2549
137
1890
4691
5121
7222
1264
1962
4357
4441
10886
12562
802
1415
2237
903
1732
1761
2226
2566
4276
4292
4363
4769
8589
8642
8780
12493
1434
2257
2542
4053
2608
4400
2360
2558
3095
3196
3506
3597
3928
3977
4169
4192
4208
4377
4403
4685
4855
5147
8577
8754
9111
9278
9403
10010
10423
10460
10664
10887
11076
11304
12548
13582
13609
14516
14979
58
122
2379
3051
3118
3134
108
615
2626
4091
7247
1147
2094
2427
1138
799
898
1173
2004
2246
2523
2969
3281
3937
4041
4067
4102
4242
4282
4631
4821
8893
9107
9134
9384
9421
9479
9528
9724
9886
10299
10422
10440
10512
10534
10595
10779
10969
11157
12506
12520
12618
12748
13364
13739
14251
14551
14858
14992
276
268
871
1957
2518
443
919
2982
3860
4068
4558
4669
8438
8986
10840
151
390
1618
3299
3677
644
88
484
1468
828
861
1418
1758
2350
2604
2991
3232
3261
4050
4085
4776
4817
4917
5100
8595
8731
8829
8894
9106
9199
9226
9478
9918
9999
10001
10475
10547
10799
10910
11184
11221
11270
12351
12408
12436
12534
12580
12585
12998
13064
13265
13585
13717
13736
13763
13847
13880
14182
14575
14591
15002
15022
1521
536
1988
2548
3680
1207
1374
1642
494
188
2851
3827
4131
4318
4382
4505
4724
4734
5122
471
3838
2446
386
848
2266
2289
3521
3738
3766
3912
4140
4667
4844
5053
5175
8531
8579
8674
8845
9275
9276
9373
10419
10495
10561
10673
10818
10981
12677
14582
712
92
3043
3453
3731
227
4039
616
1777
2008
2649
4608
4770
9313
12634
13738
937
2953
962
1639
1759
1993
2540
3829
4868
930
3799
4926
10581
1737
215
2103
2153
54
21
1130
1956
1315
2202
877
95
553
1045
1361
1908
1953
2536
2837
3083
3297
3452
3526
3632
3646
3683
3768
4052
4132
4168
4204
4207
4221
4275
4290
4329
4352
4364
4378
4381
4653
4665
4802
4913
8379
8662
8703
8705
8716
8851
8887
8921
9068
9152
9181
9209
9210
9238
9356
9392
9417
9423
9439
9507
9509
9513
9520
9521
9522
9722
9813
9825
9911
9990
9992
10314
10348
10472
10490
10532
10550
10557
10588
10619
10862
10881
11173
11230
11309
12410
12479
12488
12552
12555
12627
12630
12737
12745
12759
12774
12782
12961
13261
13575
13594
13608
13714
13716
13750
13770
13790
13792
13795
13805
13821
13878
14041
14620
14841
14885
15010
15015
380
234
789
979
1008
433
1320
229
2436
408
1729
2134
2605
1731
2625
1089
1133
1896
2312
364
1229
1818
2429
2819
1438
1493
2471
441
1231
1574
1974
2095
2803
3248
3818
4201
4333
4657
1429
2375
2998
132
905
1741
2018
2703
3014
3315
3484
4341
7210
8693
8823
9798
309
551
2578
3068
2468
1705
929
409
1651
1751
1760
2563
2640
2801
3178
3821
3870
3926
4446
4975
5066
7216
8523
8539
8654
9079
9204
9350
9363
9413
9741
9824
10555
10685
12379
12604
12648
12929
14397
14991
15021
741
1612
3985
757
1990
2569
2976
1992
116
2660
2800
4195
4369
4371
193
1562
2829
392
2899
4475
5095
1300
1960
398
375
1536
235
430
692
1146
1319
1647
1745
2031
2033
2069
2606
2995
3147
3264
3271
3499
3723
3760
3896
3931
4098
4109
4114
4160
4210
4212
4217
4287
4296
4428
4623
8294
8312
8670
8686
8713
8723
8740
9067
9108
9145
9198
9305
9326
9370
9393
9496
9518
9532
9533
9551
9556
9908
9937
9966
10235
10289
10300
10342
10414
10468
10487
10536
10761
10812
10949
11056
11161
11225
11267
11302
12381
12502
12603
12655
12780
12997
13461
13494
13699
13741
13829
13839
13857
14400
14406
14412
14576
14626
14628
15024
15033
532
444
410
657
916
498
1999
3027
2480
525
3130
11250
38
2015
926
1571
2912
2961
3519
3927
4688
4862
4897
11195
112
3289
978
915
1779
1802
1828
1868
2552
2589
3169
3919
4785
8590
10356
10485
13879
14077
2277
267
705
1537
1564
2170
3148
3197
3556
1079
1966
2352
2680
3142
896
2576
621
1371
503
605
872
923
1840
2280
2295
2296
2684
2753
2833
3151
3491
3561
3569
3730
3852
4035
4058
4198
4209
4315
4370
4372
4419
4453
4466
4468
4618
4636
4751
4856
4893
7250
8560
8562
8657
8718
8831
9124
9244
9321
9371
9376
9447
9463
9567
10012
10142
10286
10375
10430
10488
10572
10586
10592
10601
10637
10650
10682
10800
11208
11255
12341
12494
12674
13067
13610
13688
13806
13808
13853
13882
55
909
1464
660
4561
4605
4725
3028
722
822
922
1124
4892
379
683
835
716
511
913
1367
1721
2073
2203
2417
3159
3204
3525
3841
4439
4854
9293
12530
14585
396
516
1199
492
635
1145
1707
1763
2072
2650
259
1500
818
13654
950
158
651
1904
2029
2085
3049
3554
3668
3922
4056
4073
4218
4270
4283
4578
4637
4666
4676
4716
4732
4740
4818
7244
8649
8660
8963
9054
9156
9440
9477
9516
9525
9545
9562
9579
10233
10248
10315
10420
10450
10539
10544
10599
10802
10821
11200
11275
12346
12378
12574
12662
12751
12756
13075
14595
14601
101
520
13124
178
784
540
965
1862
2616
2744
3673
4455
8702
1723
1984
2319
5183
155
1503
820
1031
4122
65
32
1192
1314
1350
1757
1790
2934
3000
3117
3220
3233
3425
3464
3555
3743
3851
3941
3980
4084
4108
4174
4205
4348
4799
4880
4885
7203
7264
8337
8538
8822
9121
9132
9155
9168
9274
9665
9910
10377
10596
10615
10806
10913
12340
12700
12747
78
1441
429
1409
1659
1935
470
791
1523
1566
1813
2841
12969
875
1538
2575
340
83
895
2182
2264
2637
2918
2941
3098
3415
3963
4006
4203
4322
4326
4550
4603
4752
7260
8380
8661
8826
9136
9324
9344
9505
9663
10326
10398
10622
11201
12553
12761
12930
13581
14974
353
362
711
407
751
1569
2128
2303
2978
3727
3892
4741
881
976
996
1027
1283
472
860
1765
1789
1961
2372
2755
2823
2853
2924
3053
3205
3442
3847
4397
4696
7289
10379
11007
12656
12770
249
801
1363
1458
3633
115
2247
2346
2611
2652
2901
3113
3830
4042
8746
9180
12384
150
107
989
1529
456
1909
2011
2290
3187
3305
3741
4166
4544
4834
9194
1240
253
1041
1739
1940
2017
2034
2089
2326
2975
3701
3976
4211
4952
9497
1127
421
1060
3819
897
941
1171
1299
1465
2227
2943
2950
3295
10551
1476
1583
2529
3241
3682
1016
555
1857
2396
2511
3423
3751
4250
485
1484
1551
1843
2706
120
719
1398
1455
1867
2152
3867
9573
11163
595
1163
1280
1326
1342
2285
3512
241
325
2546
4244
114
952
994
1179
1873
2082
2349
349
2284
1366
381
1078
1426
1180
1497
1617
1780
177
1357
640
354
1035
1144
1239
981
1055
1012
387
561
35
400
401
203
1848
500
628