439
133
147
461
491
546
667
687
725
731
752
771
868
939
947
1066
1098
1122
1135
1143
1268
1269
1281
1284
1387
1397
1416
1487
1544
1582
1613
1627
1635
1657
1681
1687
1691
1706
1718
1766
1767
1787
1794
1817
1849
1881
1891
1897
1923
1933
1941
1951
1986
1991
1994
2000
2002
2009
2048
2049
2142
2143
2144
2167
2178
2212
2258
2267
2329
2333
2341
2343
2390
2481
2530
2531
2545
2557
2561
2591
2621
2623
2658
2668
2705
2732
2733
2805
2813
2818
2877
2932
2951
2960
2977
2984
3011
3036
3042
3129
3175
3180
3216
3230
3236
3237
3255
3268
3278
3300
3356
3438
3471
3494
3509
3511
3520
3535
3558
3568
3589
3595
3635
3665
3694
3702
3721
3771
3822
3823
3824
3832
3835
3854
3861
3865
3873
3925
4076
4078
4111
4138
4182
4184
4196
4227
4253
4258
4259
4260
4271
4278
4311
4320
4324
4336
4356
4411
4416
4421
4423
4424
4507
4541
4542
4596
4609
4612
4619
4632
4635
4645
4654
4694
4697
4699
4746
4757
4779
4781
4787
4788
4803
4876
4886
4888
4937
4989
5034
5092
8521
8549
8557
8558
8559
8573
8574
8588
8626
8627
8656
8659
8663
8666
8669
8681
8691
8694
8695
8700
8726
8742
8748
8765
8783
8797
8825
8846
8847
8849
8856
8857
8858
8980
8999
9060
9069
9083
9084
9089
9093
9120
9130
9135
9157
9159
9165
9185
9186
9187
9200
9249
9253
9286
9287
9288
9289
9314
9315
9328
9340
9354
9364
9382
9383
9395
9396
9404
9406
9407
9410
9418
9435
9443
9448
9451
9461
9475
9483
9526
9527
9535
9536
9541
9550
9555
9563
9571
9574
9580
9590
9649
9652
9688
9699
9715
9723
9725
9726
9733
9735
9742
9758
9759
9760
9806
9812
9815
9816
9820
9821
9822
9827
9848
9849
9865
9866
9893
9914
9925
9940
9951
9967
9987
9994
9995
10227
10232
10239
10244
10253
10254
10257
10264
10271
10285
10287
10290
10305
10323
10325
10327
10336
10350
10354
10382
10384
10412
10413
10424
10431
10432
10447
10449
10471
10481
10500
10502
10506
10510
10515
10537
10540
10542
10546
10548
10552
10556
10559
10560
10563
10566
10569
10570
10575
10578
10583
10589
10593
10605
10613
10620
10623
10627
10628
10630
10635
10646
10647
10648
10656
10665
10678
10680
10722
10723
10724
10728
10736
10743
10751
10752
10753
10765
10769
10770
10774
10785
10786
10789
10791
10792
10805
10846
10848
10851
10852
10853
10855
10874
10912
10916
10918
10925
10945
11012
11035
11058
11128
11133
11138
11140
11172
11176
11180
11183
11194
11198
11209
11210
11217
11218
11231
11233
11249
11254
11264
11265
11277
11278
11285
11298
11306
11312
11318
11325
11326
11333
11334
12338
12339
12355
12363
12366
12370
12371
12376
12377
12383
12386
12387
12391
12392
12401
12402
12406
12411
12415
12420
12421
12422
12425
12430
12435
12437
12439
12440
12442
12443
12445
12446
12452
12474
12475
12476
12477
12481
12482
12483
12490
12496
12497
12500
12501
12510
12516
12519
12521
12523
12525
12532
12544
12569
12586
12587
12590
12592
12596
12598
12599
12606
12611
12616
12623
12644
12646
12649
12657
12658
12663
12667
12672
12684
12685
12686
12691
12692
12693
12696
12699
12701
12702
12703
12704
12715
12716
12718
12719
12731
12732
12740
12742
12743
12746
12752
12753
12754
12758
12762
12763
12764
12776
12787
12796
12799
12800
12803
12805
12836
12892
12898
12903
12904
12910
12913
12973
13118
13126
13152
13153
13184
13251
13258
13259
13302
13348
13355
13440
13456
13469
13497
13523
13573
13574
13579
13580
13584
13586
13592
13593
13625
13639
13677
13692
13693
13728
13729
13764
13797
13802
13815
13822
13825
13833
13844
13848
13852
13856
13883
13884
13887
13893
14022
14040
14044
14181
14341
14517
14554
14565
14609
14614
14617
14618
14622
14625
14627
14629
14632
14633
14637
14656
14658
14668
14691
14758
14850
14905
14906
14941
14988
14999
15004
15005
15012
15018
15019
15026
15028
15029
34
82
446
118
617
393
529
983
260
902
90
3923
373
335
87
1126
1684
972
1058
318
513
1128
2952
2458
734
1156
4549
327
1080
1167
1494
1508
2014
395
469
1209
2022
3302
1475
1679
1882
2476
2482
2712
823
1095
1151
1719
1854
1995
2138
2453
4606
7257
577
1017
1185
1388
1488
1921
2883
925
1025
1205
1663
1677
1799
1852
4936
230
890
908
988
1236
1527
1842
2070
2093
2320
2651
2771
3127
269
1070
383
698
1237
1406
1526
1945
2188
2323
3270
4496
436
244
790
899
928
1220
1424
2665
3030
3245
3483
4291
8498
313
462
733
743
973
1021
1203
1875
2016
2697
2906
2911
3293
3510
3539
3713
4121
4946
12713
502
977
1215
4639
775
1297
1410
1604
1845
1905
1958
2211
2437
2831
2869
3124
3211
3507
3831
4005
4034
4119
4396
4879
982
1359
1519
969
153
1136
1469
2045
2079
2148
2244
3301
3308
3748
4243
4420
4440
9162
12595
594
1050
1206
1474
1568
1621
1851
389
417
1234
1292
1296
1348
1709
2066
2067
2074
2154
2249
2299
2636
2856
3176
4824
4889
11286
12653
12665
130
2168
324
817
900
956
2656
3559
2738
418
385
391
528
681
867
958
1168
1380
1555
1858
1859
1886
1894
1931
2173
2387
2395
2772
2847
2909
2916
2935
2942
3110
3161
3181
3195
3327
3440
3749
3939
4060
4193
4368
4842
9537
9890
10651
12344
28
612
1316
1936
2030
2440
2863
3752
1051
1020
467
580
598
901
1002
1286
1373
1482
1668
1680
1901
1972
2059
2102
2159
2269
2306
2322
2423
2687
2698
2923
3298
3303
3454
3560
3581
3792
3794
3826
3924
4224
4838
4900
8751
9220
9542
9570
9609
9664
9805
9959
10038
10234
10775
10878
11266
12432
12783
735
293
406
466
490
788
1038
1552
1682
1798
1841
1967
2012
2861
2940
3116
4519
593
658
853
865
1586
573
647
825
992
1201
1444
1581
1646
1678
2121
2261
2276
2304
2459
2806
2962
2996
2997
3013
3079
3140
3504
3585
3667
3720
3779
3890
3934
4392
4402
4551
4593
4604
4833
8680
9041
9234
9346
9408
9540
9698
10644
10986
11179
11263
11276
11301
12536
14623
14669
1049
1377
180
1376
1885
2510
1105
1216
1670
1768
2543
2560
2695
3132
3170
3269
3444
4607
12566
12680
1878
3681
201
1030
336
533
1356
1550
1653
1996
2010
2041
2140
2155
2163
2205
2328
2514
2707
2718
2802
2908
2974
3010
3015
3136
3162
3238
3246
3274
3345
3541
3573
3689
3693
3711
3800
3812
4004
4040
4057
4118
4143
4149
4267
4272
4366
4393
4442
4825
4882
5094
8416
8673
9170
9325
9331
9341
9409
9416
9495
9618
9709
9711
9819
10231
10309
10322
10380
10441
10565
10582
10679
11043
11241
11317
12467
12485
12694
12744
12755
12768
12771
12788
12798
13881
14692
762
1189
4323
690
463
1590
1645
2999
4228
746
997
832
917
1197
1358
1382
1860
2273
2512
2799
2930
3546
3686
4981
10247
12670
849
554
606
508
1001
1024
1084
1471
2849
2973
3192
4915
806
248
100
217
394
437
589
803
932
1243
1425
1472
1513
1607
1740
1932
2065
2101
2105
2108
2137
2146
2166
2176
2229
2272
2286
2287
2497
2736
2821
2939
2963
3005
3047
3088
3101
3108
3119
3141
3145
3165
3243
3294
3448
3590
3617
3636
3641
3684
3717
3729
3894
4110
4133
4183
4325
4425
4437
4443
4444
4545
4594
4642
4668
4677
4692
4789
4816
4819
4902
4904
4921
4938
7205
7208
7278
8491
8492
8665
8736
8766
9042
9100
9166
9201
9317
9339
9366
9367
9378
9381
9460
9474
9552
9559
9662
9743
9764
9881
9968
10359
10363
10373
10438
10523
10597
10732
10757
10762
10841
10873
11131
11297
12342
12347
12357
12375
12380
12431
12444
12545
12550
12605
12659
12671
12676
12690
12735
12760
12775
12820
12902
13743
13789
14989
14995
314
109
143
744
3522
3705
4865
76
465
486
1277
1522
1855
2021
2398
2455
2653
4874
7238
9097
10306
1422
884
1018
243
315
291
345
894
1558
1572
2206
2275
2278
2526
2582
2590
2832
3003
3093
3163
3286
3580
3979
4229
4401
4933
9214
9304
9765
10352
10919
12577
12624
85
2812
1019
1221
754
1872
2438
2835
3091
3107
3125
3160
3167
4054
934
62
781
876
1633
2051
3439
4597
4599
3687
191
163
183
254
195
531
645
699
748
938
948
968
1413
1524
1656
1672
1914
1937
1944
2125
2245
2268
2298
2466
2496
2508
2513
2641
2662
2730
2928
2954
2983
3009
3012
3041
3050
3061
3097
3122
3128
3183
3194
3215
3280
3329
3433
3536
3679
3696
3703
3793
3833
3837
3918
3982
3984
4013
4100
4197
4215
4231
4316
4335
4340
4426
4663
4750
4801
4829
4881
4934
5182
8684
8738
8818
9039
9123
9232
9263
9385
9437
9452
9519
9658
9692
9731
9732
9800
10228
10243
10255
10256
10293
10313
10341
10360
10458
10496
10511
10541
10585
10625
10631
10857
10917
10988
11062
11166
11197
11238
11246
11281
11294
12360
12382
12448
12554
12608
12635
12728
12741
13761
13830
13851
13859
13862
13873
13901
15030
15041
127
51
14
1511
348
428
869
1149
212
239
1090
1796
11177
672
921
1360
2096
94
812
1099
1226
1443
1467
1630
2060
2080
2250
2345
2630
2949
3188
3218
3671
3828
4875
8697
10367
11295
12535
14521
526
33
167
584
208
237
1490
1943
2132
3240
3856
334
149
286
558
317
342
859
1081
1389
1507
1600
1610
1847
2042
2288
2297
2373
2435
2465
2544
2720
2737
2834
2917
2987
3044
3262
3543
3612
3622
3707
3834
3845
4175
4216
4317
4427
4598
4675
4890
4891
5029
7184
9357
9388
9465
9472
9484
9565
9651
9714
9830
9996
10265
10296
10378
10435
10529
10584
10590
10621
10731
10827
10880
11239
12450
12471
12638
12645
12650
12785
13042
13757
14602
14996
15025
236
961
1998
2263
2674
10238
679
623
737
4226
355
412
460
620
739
990
1241
1401
1556
1712
1713
1918
1965
1980
2044
2150
2165
2251
2305
2686
2709
2839
2965
3092
3114
3334
3368
3692
3871
3875
4410
9040
9578
10242
10258
10415
10484
10632
10797
12591
14624
121
747
697
786
182
228
567
906
1439
1456
1516
1652
2657
2757
2878
3006
4624
96
181
766
815
974
1510
1577
1839
1979
2083
2814
3120
3172
1091
1274
586
2690
404
478
1013
576
273
305
1033
839
170
272
199
307
175
207
384
481
504
732
911
971
1048
1155
1188
1214
1245
1331
1335
1473
1483
1543
1545
1570
1683
1955
1969
1975
1977
2028
2058
2084
2097
2190
2243
2260
2281
2307
2351
2475
2535
2583
2627
2632
2692
2749
2811
2875
2876
2903
2914
2993
3085
3103
3104
3121
3123
3164
3217
3244
3265
3325
3366
3485
3533
3563
3630
3643
3647
3672
3724
3734
3836
3911
4045
4086
4120
4126
4137
4232
4265
4321
4415
4576
4600
4670
4698
7212
7255
8308
8477
8493
8527
8535
8554
8667
8672
8719
8730
8781
8788
8820
8827
8861
9081
9087
9127
9146
9386
9387
9458
9459
9546
9553
9683
9719
9863
9883
9932
9933
9934
9947
10262
10272
10277
10281
10284
10301
10329
10362
10462
10494
10524
10531
10554
10568
10604
10607
10608
10609
10658
10692
10700
10726
10794
10795
10801
11002
11051
11111
11142
11162
11169
11196
11212
11213
11215
11232
11252
11291
11314
11329
11335
12350
12356
12399
12438
12447
12449
12455
12459
12460
12470
12473
12558
12589
12593
12614
12615
12625
12636
12637
12660
12777
12790
12791
12792
12816
12889
13135
13713
13779
13855
13860
13861
13907
14134
14399
14604
14643
597
656
311
284
357
1191
955
1906
3007
1602
1907
216
184
415
813
1386
1394
1512
2990
1043
829
1131
1154
1496
1598
1925
2046
2050
2873
4870
14874
319
2053
240
312
542
724
753
967
1365
1924
2039
2174
2207
2291
3002
3282
3545
3710
3857
4394
8623
10358
11244
11292
356
300
591
821
369
226
388
684
1194
1285
1599
1783
1846
1876
1887
2087
2300
2639
2774
2824
2972
3090
3099
3206
3540
3820
3858
4660
4914
4923
9183
9248
9444
9457
10316
10381
10708
10734
10755
10771
10788
11214
11236
12418
12441
12613
12617
12651
12675
12717
12779
12781
729
852
1379
1450
1631
2235
332
233
346
403
442
475
749
970
1238
1589
1608
1700
1948
2054
2175
2209
2421
2694
2735
2937
164
308
197
631
1461
1506
4136
189
639
851
1037
1531
1623
654
81
211
310
326
538
819
885
1092
1094
1169
1178
1253
1330
1428
1585
1588
1622
1946
1949
2061
2129
2177
2197
2378
2418
2451
2539
2541
2725
2729
2816
2985
3001
3089
3171
3179
3193
3296
3685
3706
3709
3930
3940
3948
4066
4130
4213
4295
4347
4414
4418
4565
4672
4877
4929
8744
8918
9271
9323
9449
9468
9490
9491
9564
9892
9905
10386
10533
10553
10694
10715
10746
10823
10842
10890
10926
11152
11160
11242
11245
11300
12354
12405
12454
12632
12643
12682
12721
12734
13362
13819
13888
13899
14615
14682
97
445
337
534
964
192
370
862
2056
246
316
509
581
601
782
1976
2850
10867
552
663
1014
2136
2533
2922
2944
2966
3115
3347
4616
11319
322
482
953
1183
1230
2567
162
563
329
256
614
700
844
1039
1153
1362
1378
1390
1452
1520
1632
1805
1814
1973
2086
2141
2149
2404
2534
2555
2609
2946
3146
3239
3247
3276
3382
3411
3699
3708
3722
3758
3848
3859
4038
4044
9099
9348
9530
9803
10288
10376
10383
10716
10725
10727
10773
10780
10856
10891
11139
11222
12337
12349
12359
12362
12404
12451
12484
12789
15000
350
152
339
797
447
1150
93
129
1137
1664
414
986
113
343
53
545
624
625
670
685
1132
1166
1354
1535
2113
2147
2162
2610
2747
2751
2815
3100
3393
3435
3904
4404
4430
4884
4894
8782
9360
11100
11305
12631
12795
185
495
987
218
544
618
662
870
1010
1015
1384
1605
1927
2035
2123
2169
2238
2279
3547
4274
4878
7217
9591
352
145
431
541
703
914
1532
1534
1938
2189
2401
3086
12472
423
1129
512
701
792
891
1096
2820
2900
3040
3213
12683
144
730
1009
1232
991
1152
302
209
261
323
11299
1530
985
1022
341
274
759
134