14460
16161
14608
14060
13917
12947
13967
13415
14326
16168
17173
14725
12919
14125
15064
13877
14035
14239
14261
14500
14967
13634
12986
13339
14274
14288
12883
13343
14757
14775
17174
12832
14104
14524
15099
15106
15114
15104
12949
10937
12980
13298
14354
14420
14578
14695
14704
14835
17342
13084
13349
13471
14140
14178
14323
14727
10909
14696
13287
13431
13680
14553
12941
13924
14664
14861
15142
17201
17217
13382
13511
14723
12397
12697
13915
14767
10606
10895
13407
14241
14731
14853
14876
15103
15108
14081
14353
14564
14715
12896
13132
13414
14056
14495
14737
14892
15084
10167
14111
14717
13633
13904
14133
14229
12419
13478
14139
14768
15119
13144
14497
14831
14909
15122
17212
14634
13079
14351
9989
13049
13390
13439
13635
13927
13929
14045
14066
14089
14127
14922
13446
13651
10223
12823
10980
14085
14172
14886
14951
10179
10058
10858
14325
14458
9612
9985
13698
13843
13957
13977
14330
14411
14413
14502
14560
9853
10158
12463
12869
13889
14154
14726
15062
10030
9948
14654
11116
11000
12819
12916
13332
13340
13667
14008
14046
14639
14403
9888
13272
13299
13318
13366
13524
13673
13949
14023
14169
14442
14584
14586
10374
10028
12882
12918
12996
13103
13274
13643
14064
14166
14402
14598
14786
9983
10126
10178
9922
10266
10835
13818
14832
10141
14877
12572
13279
10705
10442
9766
9794
9949
10043
10129
10707
10830
10839
11047
11084
12570
12573
12583
12725
12817
12822
12835
12841
12848
12850
12866
12894
12917
12944
13004
13007
13271
13283
13383
13393
13472
13488
13532
13653
13675
13817
13926
13930
13952
14082
14101
14122
14150
14262
14281
14321
14362
14443
14461
14573
14645
14701
14751
14774
14778
14819
14854
14855
14889
15082
15085
15095
10048
10180
10859
12393
10027
10077
10093
10229
11075
12619
13417
14123
14487
10188
10817
10102
10267
12584
12821
13430
14163
14328
14350
9028
9290
11059
11117
11287
12641
13254
13722
14034
14722
14860
15125
10970
10194
12511
9841
10453
10507
12830
12861
12879
13470
13637
13920
13971
14102
14225
14343
14360
14577
10939
10057
13379
13914
14232
14455
14456
14630
10940
13397
14574
45
10155
10219
10117
10711
10798
12581
12628
12860
13101
13114
13214
13341
13401
13482
13965
14199
14265
14468
14714
14961
15086
15123
15147
17178
17183
9980
10268
9558
13894
14222
13910
13946
14352
9976
9978
10904
10959
10961
10974
12809
12923
13816
13948
14191
14501
14864
14884
10930
10965
8648
9112
10675
12908
12924
13119
13405
13646
13931
14000
14016
14017
14070
14230
14646
14708
14728
14760
14784
14813
15107
10144
10076
10092
14404
10119
9687
9779
9783
9790
9843
12567
12621
12622
12940
13668
14120
14800
8798
9778
10097
10269
11320
12712
12891
12948
13386
13645
14570
14705
9904
10832
10831
13913
10237
10333
10973
10098
9065
9737
10031
10170
10328
10706
11010
9875
9889
10152
10351
9008
9482
9823
10697
8760
9303
10892
4987
10667
13381
8592
8706
8771
8852
8990
9125
9188
9242
9648
9660
9787
9852
10039
10059
10095
10153
10183
10225
10335
10345
10452
10489
10638
10661
10663
10702
10759
10807
10850
11061
11064
12582
12626
12688
12708
12827
12831
12843
12847
12933
12968
12987
13006
13077
13085
13098
13142
13280
13282
13322
13403
13418
13436
13448
13484
13486
13502
13513
13619
13621
13638
13641
13658
13690
13886
13900
13943
13975
13976
13979
13997
14092
14096
14148
14161
14162
14196
14214
14233
14237
14255
14280
14409
14571
14579
14605
14606
14635
14638
14667
14747
14764
14805
14848
14870
14899
14927
14998
15110
15121
17215
17230
17236
8928
9063
10473
8372
9064
8912
10187
4760
9923
10968
12571
14834
10088
8875
9659
9929
10938
11038
12396
13092
13916
13941
14559
14862
8599
9019
5107
10004
10193
10660
10905
10941
10983
12812
13139
13392
13457
13476
13505
14128
14142
14176
14719
14840
15109
8678
8643
9118
9230
9753
10148
10240
10385
12640
12705
12842
12844
12875
12885
12958
13044
13046
13078
13201
13230
13239
13240
13328
13360
13416
13455
13516
13522
13528
13590
13800
13809
13938
14151
14153
14198
14284
14467
14537
8418
9268
14650
9710
10145
10174
10819
11016
12513
12863
7232
5108
804
10176
8348
8727
9137
9332
9655
10147
11104
11323
12826
12840
12873
12921
12952
13402
13406
13442
13489
13921
13937
14019
14058
14147
14164
14183
14204
14218
14415
14438
14486
14498
14544
14597
14648
14676
14748
14808
14883
14946
15091
16160
5145
8440
9109
1926
9034
5038
9894
4944
9950
4950
10811
10866
10907
11045
11096
11121
11132
12462
12877
13047
13474
13686
14078
14091
14106
14157
14197
14275
14452
14507
14600
14842		 
46
7194
8965
9945
10464
14171
8769
8320
8604
3331
3550
4970
4517
9161
9231
9669
9799
9847
10111
10714
11018
11074
11122
12886
12905
12992
13324
13346
13374
13533
13618
13665
13710
13801
13933
13947
14107
14124
14158
14200
14279
14358
14417
14583
14653
14661
14721
14863
14948
15072
15124
15138
17214
17343
3416
8679
10634
5013
8763
10007
10207
11055
4583
5042
3962
2896
3328
3436
8853
9668
9700
9844
10864
10888
10931
11027
12874
13091
13467
13676
14119
14299
2633
1968
8791
3553
9044
8504
8568
9005
9140
9143
9898
12810
12995
13062
13237
3372
3377
4569
3395
3429
3384
222
2532
2770
5106
2461
2357
3587
3406
5154
8383
8441
8644
8983
9678
9776
10094
10200
10217
10696
10768
12395
12834
12975
12991
13438
14002
14167
14408
14410
14470
14478
14493
14536
14588
14685
14687
14894
14915
14963
16163
17341
2868
8770
4969
3745
13865
3408
3367
4489
3380
7233
8987
11129
2409
5016
8357
8728
9022
1889
5116
8772
9033
1266
3780
3782
4761
636
3394
4538
8939
9254
9582
10099
10211
11124
11259
14083
5110
451
4585
4361
3825
3019
9003
2867
4920
3961
3773
1775
2742
1698
2669
8975
5160
3033
4720
5072
8352
9560
9796
10659
13236
13296
13336
13396
13617
13701
13803
13960
14018
14062
14073
14159
14212
14243
14244
14271
14310
14348
14414
14441
14444
14514
14552
14674
15001
3332
3805
3719
5027
4064
3801
3346
2394
4302
7251
2554
4434
4490
8594
2172
3807
2062
3575
8512
3733
5098
8435
3725
2647
3458
2754
4711
2897
3649
8759
8792
9622
12389
3809
3311
4960
8325
3467
4494
2795
4391
8926
3737
5104
1730
3613
4304
8414
8430
8806
9141
10927
12512
12559
12845
13048
13286
13304
13466
13752
14242
14392
14599
14636
14716
14857
15067
15098
3620
3973
67
8415
9072
9215
2331
3404
2741
3529
8330
3441
3316
5099
3409
8971
9686
11310
13110
13527
13912
13922
14029
14466
14475
3652
4794
3657
5048
9979
10161
1825
1332
4406
4827
9639
9789
1810
3418
4520
3174
1000
5087
4500
4288
13426
14720
2410
1827
4568
9781
12851
2572
4476
3532
2830
2224
4028
3881
8313
2509
5082
1637
854
3447
1833
7288
1636
3528
4450
1725
8789
8876
9104
10096
800
3715
2315
4388
8350
8396
2431
7229
5171
9027
10967
1746
4299
3959
8475
8600
4144
2367
1724
4521
4977
3995
4680
3387
4191
12772
3714
24
4967
1749
7198
3428
1252
2862
3358
2411
764
2520
5007
5014
5031
5046
8359
8400
8607
8715
8790
8959
9009
9059
9217
9228
9617
9673
9695
9906
9984
10063
10067
10249
10365
10445
10815
12514
12811
12824
12829
12859
12884
12946
13045
13108
13116
13145
13155
13263
13290
13400
13427
13500
13509
13578
13697
13849
13876
13973
13981
14027
14030
14050
14057
14093
14146
14152
14168
14223
14283
14401
14422
14488
14512
14519
14543
14546
14563
14666
14684
14711
14713
14718
14736
14738
14779
14780
14822
14838
14856
14869
14898
14918
14947
14949
14962
15105
15140
15144
17209
17216
17288
17297
17321
2057
2406
4027
2768
5105
4704
4841
3659
4509
4513
8502
4080
5150
8457
8305
4061
2302
9046
8366
8896
8961
2779
4088
3337
3942
3947
1322
8758
9784
4935
2434
3340
1695
3407
3770
3945
8979
4764
1667
3972
3974
8515
8821
10033
10035
5081
3517
3379
8836
8970
9030
9058
9191
11107
4011
3784
4906
2794
2865
2724
4075
8610
8799
9035
2193
4621
2180
8338
1265
4314
8707
9057
9576
9896
10241
10639
3437
4101
9176
2340
5090
8710
8917
11289
13093
14269
14277
14339
14651
14759
14772
3844
3887
3785
8609
1118
2762
5093
3955
8976
9494
9671
10947
11072
13942
14463
14613
14887
14935
882
1110
8859
1714
2688
3791
3259
1067
3451
4822
8529
8570
8606
8931
9192
10037
10128
10810
10897
10964
11130
11268
12786
12897
13106
13447
13499
13662
13666
13695
13700
13875
13885
14144
14174
14430
14550
14581
9267
8426
4171
9322
8593
14338
4971
8854
1327
3775
3341
1256
1744
2628
1884
2739
4579
7226
9031
9142
10684
13404
13836
13903
13936
13939
13964
13991
14114
14160
14270
14471
14474
14557
14756
14792
14795
14897
15077
16164
17196
2710
8633
9600
2218
2194
3065
3742
8489
9670
1715
4055
3168
1819
4759
3401
4972
8964
9160
9793
10614
10717
13011
13015
13065
13115
13423
13432
13485
13567
13647
13810
14094
2796
8384
9021
9368
4330
7224
4512
8994
3131
4534
4851
9175
10263
12839
12925
12999
13250
13657
14039
14063
14724
14783
14950
14960
14964
15034
15074
16162
17187
17197
17204
17246
17298
2776
2620
3797
2600
3333
4813
5137
2677
8689
14100
2499
2748
3135
671
2807
4629
9025
9930
936
4435
1665
3402
3655		 
1567
4113
10068
10205
11048
11050
12560
12807
12825
12900
12920
12954
13008
13037
13081
13338
13613
13636
13694
13753
13758
13812
13874
14607
14621
14730
3954
1666
3678
3288
2318
1822
4940
4980
9172
10023
12849
13017
14098
14173
14221
3427
3474
4438
5069
8974
10997
15092
7253
8597
9026
1807
1883
4510
2221
2040
3081
3640
5181
8444
8509
8602
8675
8972
9720
9842
9891
10003
10116
10642
10695
10742
10935
11110
11118
12414
12833
12901
12909
12976
12989
13019
13035
13123
13157
13560
13571
13603
13628
13684
13705
13706
13923
13955
13970
14011
14053
14132
14170
14217
14226
14256
14508
14675
14699
14837
14916
14928
17193
17198
17241
17302
2347
3772
3361
1554
4385
4650
2443
3396
4532
2846
2629
3761
2844
5020
8605
8732
3615
2342
4706
7265
10443
1261
2270
2457
1158
4319
9585
9774
9878
10020
10133
10756
14872
2283
2667
935
1317
2643
2088
3778
2217
2214
27
1258
4268
8424
8995
9755
10195
12687
12914
13253
13289
13292
13490
13563
13626
13640
13642
13644
13708
13751
13811
13954
13958
14037
14052
14177
14195
14236
14320
14361
14453
14482
14485
14680
14690
14830
15132
2371
1774
592
2415
1748
1704
3740
3781
4861
8767
3155
3638
3324
3810
643
9492
9607
12390
12423
626
1575
4887
2570
840
3390
4501
2767
1752
52
8419
9907
2864
3712
3842
2316
564
238
3066
3370
4587
4703
4956
8302
8447
8734
9577
10513
10836
11273
12498
12876
13288
13331
13410
13473
13906
14103
14238
14785
14788
14875
14921
14954
14986
15139
16154
16166
17194
17206
17207
1694
1863
519
4745
3084
2230
1720
3139
4375
2330
3656
4656
4765
4943
5101
3322
3577
4705
1661
959
2038
1447
3071
7189
10198
10618
14192
1235
1750
999
2400
7269
3776
4684
1648
5065
8399
1826
1391
2648
2654
5015
5028
7258
7274
8301
8490
9073
9090
9126
9153
9721
11260
12388
12838
12868
12990
13241
13357
14009
14015
14118
14137
14322
14336
14504
14693
14694
14741
14755
14929
14965
15135
15143
17220
17244
2601
2253
4485
5179
8387
4918
7249
8499
3991
438
488
4835
4941
8406
8508
8569
8581
8629
8997
10034
10044
10943
1716
1453
287
1311
3166
4037
4312
5136
8392
8397
8439
8634
9178
12858
12864
12895
13275
13358
13408
13672
13858
13872
14001
14012
14020
14071
14449
14490
14649
14679
14689
14712
14750
14754
17179
3385
3803
3383
3422
4898
565
4345
4674
9007
9681
13329
1411
4707
3344
4536
4928
9488
3228
3774
4487
5009
5058
8505
9078
9208
10022
10221
10868
12935
12950
13097
13452
13508
13577
13620
13661
14013
14079
14112
14314
14752
1116
4493
1593
2506
3177
3658		 
4399
4514
5176
8881
9716
9961
10006
10025
10026
10066
10168
10273
10932
10998
11068
11192
13703
14895
3964
3073
3443
455
4030
8613
8804
8929
9701
9845
10451
14345
2200
1074
2798
1772
454
4966
8474
8485
8796
8862
8952
8982
9074
9227
9717
9953
10138
3957
3258
2442
4062
8317
8580
8802
8833
8967
9015
1338
1576
5006
8460
14095
2353
7235
8709
4262
5067
5061
4180
4649
8448
8540
1702
4595
2981
4771
13804
4580
4795
4804
2517
665
3570
1888
3747
4059
4564
3338
2740
707
1423
1776
1603
1402
264
1711
2185
2430
2433
2607
2780
2785
2797
3078
3883
3956
3969
3970
4264
4332
4417
4537
4626
4796
4860
4864
5026
7188
7221
8304
8316
8511
8603
8668
8890
8909
8922
8934
9163
9329
9389
9493
9611
9625
9675
9680
9772
9777
9870
9941
10017
10071
10165
10280
10483
10486
10504
10677
10693
10796
10876
10996
11063
11106
11114
11127
11164
11258
12400
12561
12564
12681
12723
12730
12804
12852
12862
12867
12899
12926
12939
13016
13043
13083
13096
13100
13130
13138
13143
13156
13199
13314
13315
13319
13327
13334
13337
13359
13409
13510
13520
13531
13569
13604
13614
13622
13629
13648
13656
13660
13663
13715
13826
13845
13905
13908
13935
13993
14006
14007
14024
14065
14113
14145
14149
14165
14213
14215
14220
14228
14231
14254
14260
14273
14331
14347
14349
14395
14398
14426
14464
14535
14549
14569
14589
14631
14671
14672
14743
14744
14746
14749
14763
14781
14793
14794
14796
14799
14811
14829
14878
14914
14956
15075
15076
15079
15145
16167
17176
17177
17181
17203
17218
17226
17237
17282
17289
17293
2026
1498
1161
3885
3313
4733
3227
3648
3798
4029
3897
2118
3786
720
1866
4543
4728
2723
3802
4739
3214
3675
619
8473
2388
8808
2441
2817
2495
2573
1040
610
1345
8353
8385
8636
8793
9486
9575
15126
424
2201
2845
3017
1786
8685
1302
2310
8319
8390
8393
8428
8476
8953
9001
9053
10047
14440
4353
4901
2181
1964
4376
8332
8398
8407
8630
8725
8743
8932
9092
9514
9635
10202
10251
691
4709
2525
4553
3735
1392
3413
3565
8322
8768
8803
8947
8951
9088
9184
9869
10005
10036
10055
10366
10921
11105
11311
5041
2204
3018
3639
4775
8889
8891
9473
9860
9926
9943
9962
10015
10104
10125
10837
10987
11013
11103
11119
12515
12594
13587
13925
14505
2970
2574
5074
8482
8955
9775
9807
9839
9856
10002
10032
10230
10820
10966
11077
12857
12865
12928
12988
12993
13000
13012
13264
13347
13669
13687
13759
13863
1430
3389
4308
4362
4451
8445
4179
4655
4499
4932
8469
8575
8708
8877
9224
9225
9623
9792
10051
10224
10454
12846
12906
12907
12911
12962
12963
13333
13384
13413
13419
13421
13425
13435
13492
13595
13895
13911
13934
13962
13992
14003
14014
14055
14126
14287
14312
14428
14446
14448
14451
14496
14566
14839
14917
17280
17281
2478
4806
4477
1257
3234
8417
8450
8543
8698
9129
9833
1478
1893
1222
1293
3938
4072
4533
4633
5037
8832
8835
8867
8927
8944
8966
9203
9211
9538
10029
10065
10118
13038
13070
13293
13323
13363
13375
13385
13399
13441
13493
13562
13961
14049
14088
14121
14235
14252
14313
14416
14489
14492
14510
14515
14561
14688
14703
14739
14740
14753
14766
14828
14849
14882
14957
15116
16165
17291
17299
2644
3544
3754
4840
3016
7262
8331
8487
9219
49
4648
3816
2075
3813
4303
4826
8608
8838
9500
9645
9685
9862
10303
10370
10479
10994
13678
2325
4839
2879
4873
4942
5172
8898
8984
1433
1073
2711
2161
2376
4281
8365
8431
8687
8834
8941
8962
9239
9628
9674
9718
9751
9785
9859
9921
10478
10698
10825
10861
10933
10946
12461
12551
12633
12956
13468
13670
13918
14155
14477
14809
14952
15042
17184
17225
17248
17303
1717
4523
7240
4831
8349
8466
1660
7259
8370
8394
8635
8956
8998
9636
9795
9897
10150
105
3388
1579
4584
4903
1895
4360
9801
9855
9902
10042
10103
10108
10455
10951
10971
12707
12710
12711
12915
12970
13104
13519
13632
13649
13679
13696
13798
13823
13945
14043
14136
14282
14423
14662
14765
14817
14821
15080
17219
1911
1190
1421
2594
4398
10437
10467
2994
4306
4681
5060
7206
8470
8913
8968
8996
9644
10024
10338
10355
3917
566
5091
7227
8314
8329
8533
8872
9851
14010
4738
5005
5102
3417
2809
3156
2784
2789
3783
4241
4749
4857
5084
7280
8303
8360
8367
8810
9075
9101
9148
9154
9345
9394
9621
10123
10166
10184
10236
10499
10669
10767
11004
11039
11057
11067
11082
11123
11148
11257
11262
12765
12813
12942
12943
12951
12964
12983
12985
13013
13051
13061
13095
13206
13256
13270
13281
13352
13477
13481
13515
13682
13704
13755
13793
13944
14067
14074
14084
14105
14175
14193
14203
14227
14268
14276
14286
14332
14346
14359
14431
14483
14567
14709
14823
14913
14919
14944
16157
778
1032
3023
2989
4235
3343
5089
14025
8306
8356
8478
9280
140
221
8373
8801
8945
9006
9018
9633
9679
4471
3552
8631
9689
9864
9871
9887
9909
9956
10078
10201
10330
10719
10948
11015
11081
13746
15089
2758
3021
3434
8655
2405
1565
1596
111
2522
2775
3317
4859
2581
4571
3542
4671
696
2763
4786
5017
8756
8762
9205
9279
9300
9631
9677
10016
10164
10822
11029
11071
12837
13002
13074
13117
13320
13963
14059
14061
14072
14097
14116
14130
14179
14184
14188
14216
14234
14240
14340
14454
14465
14593
14686
14787
14953
14969
14985
15008
15063
15134
15149
17199
17235
17247
17249
17316
2374
1119
5118
7237
5059
8368
8378
8612
8621
8795
9245
1778
4690
1301
2612
3184
3753
4015
7286
8949
9768
10131
10216
10906
11115
12828
13039
13066
13080
13301
13389
13437
13932
13966
14051
14076
14131
14333
14419
14590
14893		 
14931
2655
1329
3273
4535
1420
12726
3763
5109
8936
9151
9634
9654
9780
10014
10062
10135
10436
10689
10844
11170
14700
4021
173
9051
12464
3292
2384
2187
2872
1251
2559
4478
8905
9561
9915
4713
5068
8501
2550
4001
4433
7204
10505
2580
4582
3026
2728
3505
4563
14129
1341
3767
3020
4249
3314
2386
2385
709
70
588
4526
4710
4721
5000
5012
5030
7230
8355
8382
8395
8481
8541
8620
8622
8624
8784
8813
8869
8879
8914
8958
8985
9010
9032
9116
9138
9202
9206
9250
9319
9434
9543
9629
9642
9676
9682
9761
9773
9804
9817
9831
9939
9946
9958
9960
9965
9973
9975
10160
10433
10652
10662
10676
10688
10710
11044
11113
11156
12385
12491
12528
12541
13010
13087
13151
13158
13267
13345
13361
13372
13373
13394
13449
13475
13479
13487
13495
13565
13664
13725
13771
13994
14038
14110
14143
14272
14298
14335
14337
14342
14405
14418
14436
14480
14670
14745
14791
14851
14925
14972
15102
15118
16153
17200
17222
17238
1352
2882
2309
3790
1816
2902
9744
4664
5139
1922
2116
4560
5023
655
4988
5039
8819
957
2339
2412
1006
5119
8500
9608
9874
4277
3025
8910
8942
8977
9000
9014
9017
9237
9706
10040
10156
11083
14075
1754
2727
3143
4307
4628
5128
2619
9102
9727
10115
10143
10203
10209
11030
11269
12610
12724
12853
12966
13014
13018
13102
13122
13285
13365
13754
13782
15097
975
3874
4454
2905
1113
2256
4614
4990
5075
5079
8323
8340
8410
8446
8453
8664
8749
9086
9586
9693
9972
10021
10073
10074
10668
10703
10877
11034
12959
13086
13090
13377
13395
13451
13460
13517
13526
13568
13777
13791
13866
14135
14141
14267
14421
14434
14459
14481
14545
14644
14729
14742
14816
14890
15087
2704
1812
4778
4863
5111
8988
1594
3788
3905
4511
8334
8339
8351
8532
8611
8722
8837
8870
8916
9233
9372
9672
11155
11165
1804
1634
1115
3704
5054
23
2463
3185
3888
3249
1801
943
3913
4464
4572
4658
4852
7272
8878
8888
8937
9115
9221
9260
9498
9627
9873
9895
9913
9919
10106
10292
10838
10915
11032
12978
13088
13266
13335
13588
13605
13730
13969
14297
14334
14355
14770
14776
14847
14977
14980
15007
15023
15081
15083
15117
15146
15148
16155
16171
17210
17223
17318
2186
2383
2311
2866
3037
1114
4470
1165
1457
4762
5162
8401
1699
523
3275
3251
5073
8298
9284
11174
13350
2090
4159
1289
3219
1111
2613
1755
1108
296
1112
1404
1728
2449
4976
9456
10626
10641
10653
11078
11102
12563
12888
12967
13140
13164
13369
13709
13711
13733
13980
13995
14036
14054
14099
14108
14109
14327
14344
14511
14659
14677
14710
14852
14896
15065
432
2683
4625
2158
1502
8336
8720
8841
8907
9212
9235
10347
10527
10975
10990
10999
17245
72
841
1107
1485
8309
8408
8786
9020
9082
10704
9485
3403
726
2764
1915
2568
4234
2327
3410
1747
2402
4384
2681
2338
1595
2356
1898
847
2222
2293
2858
2907
3746
4019
4846
4961
5044
5077
7195
8299
8307
8358
8437
8513
8615
8908
8915
9052
9119
9174
9193
9213
9285
9379
9412
9610
9661
9691
9702
9762
9797
9927
9942
9954
9982
10139
10151
10185
10191
10204
10215
10246
10250
10804
10865
10908
10963
11021
11023
11065
11120
12480
12664
12965
12982
13041
13127
13160
13221
13276
13297
13325
13480
13589
13749
13898
13928
14202
14219
14329
14356
14424
14429
14435
14473
14503
14587
14652
14665
14769
14803
14806
14810
14866
14867
14879
14891
14902
15088
15137
16172
17175
17202
2587
1756
3470
3762
3804
4714
139
4365
4748
3472
5062
2391
2693
4089
8297
8433
1578
1186
3596
8434
8658
8865
8925
8948
9872
14259
376
1003
2874
1693
2477
3291
4784
4809
8699
8943
9037
9085
9167
9548
9619
9632
9684
9728
9786
9931
10113
10514
10809
11042
11272
12794
12878
13001
13671
1844
19
7239
2335
578
2091
289
1393
2713
1134
2076
3133
3514
3755
3764
3992
3997
4431
7254
8462
9704
9971
10720
10879
10991
12642
12766
12767
12955
13009
13069
13072
13094
13128
13159
13163
13278
13303
13376
13450
13453
13681
13953
13959
13972
14189
14445
14450
14499
14548
14580
14681
14762
14771
14945
14983
15120
15127
17191
2248
262
4798
434
2921
7252
10571
2364
2122
2672
3548
4269
8584
8619
8682
8712
8787
8938
8992
9236
9265
9630
9850
9924
10018
10134
10339
10364
10549
10712
10854
12960
2556
8537
10889
2964
3290
9144
48
2359
1762
3323
3222
3584
2958
2562
1004
1865
664
419
524
1228
1811
2595
3063
3074
4220
4547
4973
8333
8404
8528
8805
8880
8978
9012
9076
9251
9258
9283
9503
9740
9750
9767
9936
10137
10175
10210
10278
10573
10576
10681
11036
12539
12773
12945
12957
12981
13105
13131
13202
13300
13367
13388
13443
13512
13867
13868
13870
13897
13940
13974
14117
14185
14190
14201
14357
14472
14612
14790
14807
14880
14888
14901
14973
14982
15050
16159
17195
579
1689
2365
920
2645
3769
4850
2228
2959
7263
9147
9657
15100
770
682
2355
3716
4116
8362
8386
8815
8957
8993
9011
9164
9261
9307
9703
12727
3096
166
1963
4280
4346
295
669
758
1210
4869
9365
9588
9791
9903
9920
9928
9955
10084
10159
10465
10612
10643
10655
10739
10902
10942
10958
11080
11108
12495
12526
12749
12938
13099
13133
13398
13514
13732
13740
13783
13794
14080
14324
4003
805
1736
2726
3062
4555
4772
26
2746
2537
7279
9266
9489
9944
10130
10197
4432
4452
5004
10564
1697
2104
4239
7261
11271
1460
4298
4389
3223
277
1446
1463
2826
772
2519
3419
4146
4266
4273
4567
4573
4717
5040
5112
8405
8519
8750
8807
8883
8903
8911
9038
9061
9095
9197
9327
9769
9876
9988
10009
10114
10127
10157
10275
10509
10525
10674
10699
10713
10976
10993
12639
13089
13380
13718
13950
13951
14245
14558
14657
14789
14815
14904
425
1291
1533
736
2428
4947
4954
12709
14026
4145
8514
763
4539
8800
8897
8900
8919
9080
9177
9318
9355
9462
9730
9854
9857
9882
9969
10169
10189
10222
10337
10501
10730
10849
10893
10924
10944
11011
11053
11079
13785
1985
397
206
2397
1499
3266
4051
1303
767
4661
4905
7209
7273
8375
8391
8545
8578
8637
8991
9029
9432
9446
9512
9569
9771
9880
10008
10270
10477
10624
10666
10833
10914
11226
12505
12542
12706
12854
13162
13650
14138
14285
14959
14978
14990
15152
17180
17188
17221
17224
2773
1139
3515
5113
1675
1560
4638
4871
8295
9302
1244
168
1708
1432
4662
5148
5151
8341
8571
8899
8973
9036
10992
11288
12679
1106
1431
1305
1353
3058
4995
8895
2871
2808
8616
1743
3154
4263
4620
4701
8354
8638
8809
8830
8935
8946
9062
9294
9309
9401
9534
9846
10109
10173
10181
10186
10190
10192
10448
10466
10776
10989
11017
11040
11041
11046
12394
12984
13141
13154
13238
13277
13420
13422
13496
14042
14194
14394
14479
14735
14777
14797
14881
14976
14993
15013
15113
15150
17192
17205
611
4495
4540
562
4731
2317
2464
3670
1515
2223
4156
4447
2467
2947
3988
2420
44
3365
4206
7287
8472
9004
9207
9241
9834
10072
10154
10171
10196
10744
10898
10903
10911
10950
12489
12720
12793
13003
13073
13129
13326
13501
13507
13721
13799
13968
14005
14224
14437
14547
14732
14734
14873
14924
15090
15136
17189
17231
3462
2063
1696
2313
3038
9879
10226
809
1701
2348
846
1462
7277
8388
8506
8524
9128
9501
9544
9756
9770
9877
9912
9935
9970
9977
10019
10100
10112
10124
10218
10474
10928
11033
11049
11146
12469
12936
13248
13273
13284
13529
13655
13726
13768
13869
13871
14115
14156
14447
14457
14518
14844
14865
14903
14910
1900
2179
4023
1097
4002
4460
4790
11024
2986
3057
4301
1282
1175
837
4955
4996
5045
8552
8647
8969
9071
9281
9402
9858
9861
9981
10045
10421
10425
10498
10517
10847
10863
11009
11022
11143
12722
14509
2516
5033
5115
2870
1062
1771
1987
3968
8503
8555
8721
9149
9312
9547
10052
11006
12364
13576
13737
13744
14506
285
225
1734
281
483
3993
4815
4953
5097
5174
833
2631
2663
2682
8525
8884
8904
8981
9338
11028
11031
11098
13909
17324
1856
1059
3637
4007
944
793
2064
8326
8640
8871
8902
10276
12881
1142
1061
559
8449
8874
728
2271
3814
3971
4338
2219
4286
4359
4504
8369
570
3060
980
1733
86
75
4811
8548
2439
3958
2068
4449
7281
572
1339
4843
4957
5025
5164
2474
5149
7292
7199
8376
2236
1764
2967
4238
8413
1054
1196
7241
1829
4337
15093
780
2699
5063
4557
3795
3901
4092
4812
2915
3700
4236
4622
2115
4063
1553
3420
2696
2233
1275
811
3582
2216
2502
39
1916
888
1405
1528
873
940
136
