77
169
250
338
358
399
411
448
535
585
599
659
874
880
1053
1141
1148
1157
1177
1193
1204
1233
1369
1385
1395
1470
1479
1541
1615
1619
1641
1650
1753
1800
1871
1920
1939
1942
1989
1997
2007
2055
2081
2100
2106
2109
2112
2120
2124
2126
2131
2133
2151
2191
2199
2210
2231
2232
2234
2240
2262
2294
2389
2444
2469
2498
2675
2676
2745
2836
2931
2945
3045
3052
3189
3209
3210
3212
3229
3242
3277
3283
3284
3309
3463
3508
3564
3572
3574
3576
3579
3588
3634
3661
3674
3695
3750
3846
3863
3866
3884
3929
3978
4079
4099
4134
4135
4199
4355
4395
4412
4413
4508
4591
4613
4743
4782
4793
4808
5142
5152
7256
8463
8520
8544
8561
8564
8653
8671
8690
8717
8737
8747
8778
8840
8843
8844
8848
8850
9055
9066
9105
9190
9223
9246
9264
9306
9349
9374
9415
9420
9445
9450
9464
9466
9467
9554
9557
9572
9601
9729
9754
9840
9997
10252
10259
10282
10294
10295
10297
10302
10304
10307
10308
10310
10312
10321
10344
10349
10371
10538
10545
10574
10577
10580
10598
10629
10649
10672
10686
10690
10691
10737
10748
10750
10754
10758
10760
10777
10781
10782
10783
10787
10793
10814
10816
10920
11099
11134
11136
11145
11149
11150
11151
11153
11154
11158
11167
11182
11191
11202
11211
11220
11224
11240
11243
11253
11279
11282
11290
11293
11296
11303
11315
11322
11327
11328
11332
11336
12336
12343
12358
12361
12365
12369
12398
12412
12413
12424
12428
12429
12433
12456
12458
12487
12504
12524
12543
12568
12575
12597
12607
12609
12661
12668
12729
12757
12769
12802
12808
12815
12890
12932
13689
13702
13712
13720
13978
14021
14393
14603
14660
14997
15032
15070
15096
17309
17313
17328
676
213
1056
141
715
258
371
933
4155
413
582
590
1308
1785
378
1208
210
359
422
489
1176
1181
328
2447
10683
179
831
36
198
366
927
1587
1722
2111
3868
3932
3943
4797
11228
426
613
910
1086
119
148
294
479
924
1065
1262
1375
1481
1549
2024
2043
2445
2722
2971
3048
3126
3285
3669
3914
3933
4157
4780
11313
367
629
794
946
2860
172
1047
1087
299
473
798
1808
2110
2114
2254
2840
2955
3004
3087
3698
3757
3817
3895
3903
4429
4754
5036
7225
12588
12797
15061
740
66
838
1540
344
893
2077
304
176
464
641
686
1427
1505
2192
2195
2838
4176
283
29
427
600
795
1174
474
1057
1546
297
518
537
702
814
949
1198
1509
1950
1970
2145
2282
2527
2859
2888
2926
3869
4178
4566
4634
4777
6184
7231
9222
10579
10729
10738
10766
11141
11234
12416
12517
12733
14698
282
543
257
351
435
642
688
769
91
271
633
675
1368
1466
1611
1928
2025
2301
3182
892
960
1445
1449
1626
1899
2127
2564
2936
3326
3811
3864
4617
321
954
363
196
942
1164
2098
2196
2274
2842
2927
3008
4158
4222
607
689
1784
1864
2208
3029
4181
4546
4756
13719
194
102
602